13 0.476 0.46996996996997 0.352 0.2672672672672673
4 0.922 0.6306306306306306 0.156 0.29429429429429427
1 0.752 0.5675675675675675 0.032 0.0960960960960961
1 0.133 0.5855855855855856 0.042 0.18618618618618618
1 0.063 0.6006006006006006 0.042 0.16816816816816818
4 0.1 0.5540540540540541 0.052 0.04504504504504504
1 0.238 0.5870870870870871 0.048 0.13513513513513514
1 0.273 0.5495495495495496 0.018 0.08408408408408409
5 0.248 0.6231231231231231 0.108 0.09309309309309309
1 0.009 0.5990990990990991 0.014 0.17117117117117117
