18 0.4093333333333333 0.591 0.13066666666666665 0.194
18 0.5226666666666666 0.608 0.09066666666666667 0.1
18 0.6066666666666667 0.649 0.088 0.082
18 0.7 0.631 0.09866666666666667 0.078
18 0.9013333333333333 0.483 0.06933333333333333 0.05
18 0.8466666666666667 0.43 0.08266666666666667 0.1
18 0.7893333333333333 0.617 0.08533333333333333 0.094
18 0.872 0.647 0.08 0.078
18 0.9453333333333334 0.638 0.09333333333333334 0.088
18 0.104 0.442 0.07466666666666667 0.084
1 0.252 0.704 0.2 0.436
18 0.792 0.535 0.11733333333333333 0.07
18 0.04533333333333334 0.748 0.08533333333333333 0.232
