5 0.181 0.6216216216216216 0.262 0.2222222222222222
4 0.186 0.5915915915915916 0.348 0.18618618618618618
4 0.911 0.5315315315315315 0.138 0.12012012012012012
4 0.782 0.509009009009009 0.128 0.10510510510510511
4 0.705 0.5015015015015015 0.106 0.0960960960960961
4 0.633 0.5075075075075075 0.09 0.07807807807807808
4 0.515 0.503003003003003 0.05 0.057057057057057055
1 0.536 0.6336336336336337 0.052 0.3123123123123123
1 0.438 0.6531531531531531 0.084 0.35135135135135137
1 0.383 0.6336336336336337 0.082 0.39039039039039036
