1 0.234 0.565406976744186 0.26 0.8691860465116279
1 0.542 0.501453488372093 0.38 0.997093023255814
1 0.923 0.4738372093023256 0.154 0.42441860465116277
15 0.76 0.7122093023255814 0.056 0.27325581395348836
15 0.689 0.32122093023255816 0.138 0.19476744186046513
15 0.96 0.6511627906976745 0.056 0.22674418604651161
15 0.886 0.627906976744186 0.044 0.12209302325581395
15 0.024 0.47674418604651164 0.044 0.23837209302325582
15 0.386 0.29069767441860467 0.028 0.13372093023255813
15 0.132 0.9665697674418605 0.036 0.06686046511627906
