10 0.688 0.589 0.192 0.342
1 0.6133333333333333 0.317 0.29333333333333333 0.518
18 0.15066666666666667 0.873 0.296 0.254
18 0.8506666666666667 0.586 0.13866666666666666 0.104
18 0.96 0.556 0.08 0.116
18 0.27466666666666667 0.619 0.16533333333333333 0.098
18 0.31066666666666665 0.543 0.12533333333333332 0.102
18 0.35733333333333334 0.445 0.12266666666666666 0.146
18 0.4106666666666667 0.347 0.10133333333333333 0.062
18 0.4186666666666667 0.278 0.11733333333333333 0.092
18 0.43066666666666664 0.206 0.09333333333333334 0.084
18 0.764 0.372 0.104 0.096
18 0.08133333333333333 0.921 0.15733333333333333 0.158
18 0.7813333333333333 0.304 0.058666666666666666 0.072
18 0.48933333333333334 0.093 0.168 0.182
18 0.33066666666666666 0.127 0.09066666666666667 0.106
18 0.86 0.5 0.184 0.3
10 0.376 0.59 0.42133333333333334 0.512
