20 0.498 0.30666666666666664 0.352 0.44266666666666665
15 0.633 0.8146666666666667 0.082 0.37066666666666664
1 0.273 0.6893333333333334 0.35 0.376
1 0.659 0.6786666666666666 0.426 0.6426666666666667
1 0.7 0.6533333333333333 0.392 0.6933333333333334
1 0.928 0.8346666666666667 0.144 0.33066666666666666
18 0.931 0.38133333333333336 0.138 0.704
18 0.073 0.49466666666666664 0.106 0.43466666666666665
18 0.173 0.3293333333333333 0.222 0.6533333333333333
17 0.353 0.8973333333333333 0.702 0.20533333333333334
