17 0.438 0.8533333333333334 0.636 0.29333333333333333
16 0.844 0.8093333333333333 0.176 0.38133333333333336
1 0.537 0.37333333333333335 0.314 0.4053333333333333
1 0.601 0.5733333333333334 0.262 0.3253333333333333
1 0.37 0.5693333333333334 0.22 0.2693333333333333
1 0.162 0.6373333333333333 0.204 0.35733333333333334
1 0.152 0.7906666666666666 0.3 0.4186666666666667
17 0.937 0.744 0.126 0.3466666666666667
15 0.978 0.5853333333333334 0.02 0.088
15 0.414 0.7066666666666667 0.032 0.10133333333333333
1 0.794 0.712 0.192 0.576
1 0.832 0.512 0.104 0.20266666666666666
1 0.639 0.416 0.082 0.208
1 0.356 0.39866666666666667 0.076 0.14666666666666667
1 0.307 0.41733333333333333 0.078 0.28
1 0.053 0.444 0.102 0.264
15 0.376 0.6653333333333333 0.032 0.07733333333333334
