13 0.596 0.5015015015015015 0.808 0.996996996996997
13 0.269 0.2732732732732733 0.534 0.25825825825825827
13 0.496 0.07957957957957958 0.484 0.15315315315315314
13 0.886 0.4039039039039039 0.228 0.1111111111111111
13 0.157 0.6501501501501501 0.31 0.5555555555555556
13 0.603 0.1981981981981982 0.226 0.08408408408408409
1 0.868 0.6246246246246246 0.028 0.1021021021021021
1 0.842 0.5990990990990991 0.028 0.08108108108108109
1 0.708 0.5165165165165165 0.028 0.08408408408408409
1 0.786 0.5945945945945946 0.028 0.06606606606606606
1 0.751 0.5885885885885885 0.018 0.06606606606606606
1 0.761 0.5555555555555556 0.014 0.036036036036036036
1 0.774 0.5540540540540541 0.02 0.03303303303303303
13 0.126 0.12312312312312312 0.224 0.13213213213213212
