13 0.15 0.5930930930930931 0.056 0.057057057057057055
13 0.267 0.6336336336336337 0.05 0.042042042042042045
13 0.367 0.5795795795795796 0.058 0.042042042042042045
13 0.386 0.6621621621621622 0.048 0.03303303303303303
13 0.506 0.6396396396396397 0.052 0.036036036036036036
13 0.51 0.6831831831831832 0.036 0.03303303303303303
13 0.641 0.6261261261261262 0.042 0.03903903903903904
13 0.651 0.545045045045045 0.054 0.04504504504504504
13 0.735 0.5675675675675675 0.05 0.042042042042042045
13 0.839 0.524024024024024 0.054 0.05105105105105105
