6 0.27 0.6946666666666667 0.192 0.392
6 0.836 0.5373333333333333 0.128 0.312
6 0.048 0.5253333333333333 0.036 0.032
6 0.073 0.49866666666666665 0.022 0.037333333333333336
6 0.121 0.49466666666666664 0.026 0.034666666666666665
6 0.098 0.4666666666666667 0.024 0.02666666666666667
6 0.128 0.4653333333333333 0.024 0.024
6 0.181 0.464 0.026 0.042666666666666665
6 0.221 0.4786666666666667 0.03 0.029333333333333333
6 0.354 0.44266666666666665 0.02 0.02666666666666667
6 0.374 0.43466666666666665 0.016 0.032
6 0.556 0.4493333333333333 0.02 0.024
6 0.935 0.4226666666666667 0.022 0.06133333333333333
