17 0.544 0.784 0.808 0.432
1 0.116 0.6346666666666667 0.228 0.6346666666666667
1 0.206 0.48 0.128 0.2773333333333333
1 0.377 0.44133333333333336 0.182 0.28
1 0.64 0.5093333333333333 0.144 0.416
1 0.803 0.5413333333333333 0.25 0.5546666666666666
1 0.862 0.7786666666666666 0.276 0.44266666666666665
1 0.779 0.30666666666666664 0.114 0.26666666666666666
1 0.651 0.34 0.126 0.296
1 0.634 0.24266666666666667 0.1 0.064
16 0.526 0.5506666666666666 0.1 0.15733333333333333
16 0.272 0.5346666666666666 0.072 0.104
