20 0.929 0.5555555555555556 0.142 0.3663663663663664
19 0.191 0.7312312312312312 0.378 0.5315315315315315
1 0.741 0.3108108108108108 0.09 0.24924924924924924
1 0.847 0.39039039039039036 0.154 0.4924924924924925
1 0.682 0.3813813813813814 0.108 0.36036036036036034
1 0.595 0.4084084084084084 0.086 0.3783783783783784
1 0.512 0.35435435435435436 0.1 0.3303303303303303
1 0.44 0.39039039039039036 0.08 0.35435435435435436
1 0.378 0.38288288288288286 0.072 0.2912912912912913
1 0.291 0.4099099099099099 0.11 0.13513513513513514
1 0.277 0.4744744744744745 0.086 0.16216216216216217
1 0.415 0.6006006006006006 0.09 0.34234234234234234
1 0.533 0.6231231231231231 0.154 0.3033033033033033
1 0.639 0.6651651651651652 0.134 0.3153153153153153
1 0.748 0.7702702702702703 0.176 0.35135135135135137
1 0.615 0.7762762762762763 0.178 0.3813813813813814
1 0.506 0.6846846846846847 0.192 0.4084084084084084
1 0.346 0.7027027027027027 0.16 0.45645645645645644
1 0.171 0.6711711711711712 0.226 0.5855855855855856
1 0.235 0.539039039039039 0.146 0.2852852852852853
