3 0.414 0.5105105105105106 0.536 0.7867867867867868
3 0.089 0.46096096096096095 0.15 0.37537537537537535
4 0.07 0.5780780780780781 0.08 0.1831831831831832
4 0.112 0.581081081081081 0.072 0.1891891891891892
4 0.908 0.5195195195195195 0.076 0.06006006006006006
4 0.851 0.5105105105105106 0.062 0.04804804804804805
4 0.796 0.5015015015015015 0.06 0.036036036036036036
4 0.763 0.4984984984984985 0.038 0.036036036036036036
1 0.738 0.493993993993994 0.028 0.06306306306306306
1 0.918 0.512012012012012 0.024 0.08108108108108109
1 0.518 0.3768768768768769 0.072 0.23123123123123124
1 0.409 0.36936936936936937 0.114 0.25225225225225223
1 0.349 0.37537537537537535 0.05 0.2222222222222222
