1 0.532 0.8053333333333333 0.056 0.22933333333333333
1 0.417 0.8373333333333334 0.066 0.22933333333333333
1 0.207 0.62 0.034 0.13066666666666665
1 0.12 0.5893333333333334 0.036 0.10666666666666667
1 0.054 0.6626666666666666 0.052 0.072
1 0.347 0.6893333333333334 0.038 0.14666666666666667
1 0.44 0.6773333333333333 0.048 0.15466666666666667
1 0.46 0.664 0.04 0.12266666666666666
1 0.679 0.6253333333333333 0.038 0.12
1 0.05 0.6 0.04 0.09066666666666667
1 0.375 0.47333333333333333 0.018 0.050666666666666665
1 0.394 0.4666666666666667 0.016 0.05333333333333334
1 0.423 0.48533333333333334 0.018 0.064
1 0.688 0.4866666666666667 0.02 0.06666666666666667
1 0.704 0.49866666666666665 0.02 0.058666666666666666
1 0.745 0.49466666666666664 0.022 0.06133333333333333
1 0.891 0.49333333333333335 0.018 0.058666666666666666
