16 0.739 0.6526946107784432 0.15 0.24550898203592814
16 0.701 0.6332335329341318 0.13 0.2125748502994012
16 0.506 0.7110778443113772 0.14 0.24850299401197604
16 0.279 0.6586826347305389 0.154 0.23353293413173654
16 0.297 0.6302395209580839 0.134 0.20658682634730538
18 0.675 0.5538922155688623 0.134 0.1377245508982036
18 0.351 0.5913173652694611 0.13 0.19461077844311378
19 0.514 0.6047904191616766 0.192 0.19760479041916168
18 0.6 0.47604790419161674 0.064 0.041916167664670656
18 0.424 0.4805389221556886 0.052 0.05688622754491018
18 0.694 0.41916167664670656 0.152 0.17964071856287425
18 0.349 0.4236526946107784 0.242 0.20658682634730538
