0 0.956 0.88 0.088 0.24
15 0.897 0.9373333333333334 0.086 0.12533333333333332
15 0.841 0.8986666666666666 0.074 0.15466666666666667
15 0.777 0.8626666666666667 0.13 0.13066666666666665
15 0.772 0.968 0.136 0.064
15 0.729 0.9373333333333334 0.074 0.12533333333333332
15 0.648 0.884 0.06 0.104
15 0.595 0.8546666666666667 0.058 0.09333333333333334
15 0.478 0.9586666666666667 0.14 0.08266666666666667
15 0.432 0.9293333333333333 0.108 0.10933333333333334
15 0.394 0.9053333333333333 0.104 0.152
15 0.221 0.9253333333333333 0.102 0.13866666666666666
15 0.169 0.9493333333333334 0.146 0.10133333333333333
16 0.849 0.8293333333333334 0.138 0.07466666666666667
16 0.487 0.872 0.142 0.042666666666666665
16 0.538 0.9146666666666666 0.168 0.064
16 0.611 0.96 0.194 0.06933333333333333
16 0.1 0.9173333333333333 0.14 0.058666666666666666
16 0.049 0.9706666666666667 0.094 0.058666666666666666
