1 0.753 0.43866666666666665 0.282 0.44
1 0.202 0.628 0.344 0.744
16 0.17 0.8306666666666667 0.336 0.33866666666666667
16 0.5 0.888 0.264 0.224
16 0.033 0.6 0.062 0.128
16 0.294 0.47733333333333333 0.096 0.07466666666666667
16 0.409 0.46266666666666667 0.086 0.15733333333333333
16 0.868 0.4146666666666667 0.052 0.06666666666666667
16 0.633 0.38133333333333336 0.062 0.05333333333333334
17 0.67 0.5893333333333334 0.656 0.4266666666666667
16 0.412 0.4493333333333333 0.14 0.14133333333333334
17 0.434 0.7306666666666667 0.864 0.5386666666666666
1 0.539 0.4093333333333333 0.23 0.3546666666666667
