16 0.368 0.792 0.6 0.416
15 0.547 0.7933333333333333 0.258 0.41333333333333333
15 0.603 0.5786666666666667 0.102 0.14933333333333335
15 0.449 0.5586666666666666 0.078 0.12
15 0.184 0.5733333333333334 0.1 0.112
15 0.143 0.7893333333333333 0.222 0.42133333333333334
15 0.242 0.8026666666666666 0.276 0.39466666666666667
15 0.082 0.5386666666666666 0.056 0.10666666666666667
15 0.015 0.5573333333333333 0.026 0.10666666666666667
17 0.754 0.048 0.124 0.09066666666666667
17 0.49 0.13866666666666666 0.164 0.192
17 0.791 0.5946666666666667 0.138 0.18133333333333335
14 0.71 0.19066666666666668 0.032 0.10933333333333334
14 0.693 0.192 0.026 0.10133333333333333
14 0.678 0.19733333333333333 0.024 0.10133333333333333
17 0.798 0.16666666666666666 0.092 0.09333333333333334
