12 0.749 0.5466666666666666 0.426 0.9066666666666666
12 0.279 0.5293333333333333 0.494 0.7173333333333334
12 0.936 0.336 0.104 0.224
12 0.249 0.19066666666666668 0.134 0.14666666666666667
12 0.044 0.2986666666666667 0.084 0.304
12 0.401 0.12666666666666668 0.086 0.104
12 0.504 0.24533333333333332 0.068 0.23466666666666666
12 0.592 0.156 0.068 0.07733333333333334
12 0.546 0.256 0.044 0.21333333333333335
12 0.339 0.148 0.05 0.06133333333333333
12 0.13 0.21733333333333332 0.104 0.152
12 0.953 0.5586666666666666 0.094 0.22666666666666666
