1 0.848 0.24 0.136 0.288
1 0.879 0.5493333333333333 0.166 0.3626666666666667
1 0.926 0.7306666666666667 0.148 0.5386666666666666
1 0.756 0.4746666666666667 0.156 0.31466666666666665
1 0.592 0.48933333333333334 0.192 0.264
1 0.458 0.608 0.28 0.512
1 0.263 0.5453333333333333 0.27 0.41333333333333333
15 0.335 0.7013333333333334 0.046 0.21866666666666668
15 0.795 0.7893333333333333 0.046 0.2613333333333333
17 0.701 0.8066666666666666 0.402 0.38666666666666666
17 0.399 0.828 0.462 0.344
19 0.326 0.5893333333333334 0.548 0.4
