12 0.114 0.8453333333333334 0.024 0.042666666666666665
12 0.191 0.8546666666666667 0.046 0.024
12 0.27 0.8413333333333334 0.044 0.024
12 0.322 0.8546666666666667 0.052 0.034666666666666665
12 0.457 0.8533333333333334 0.042 0.037333333333333336
12 0.523 0.864 0.058 0.05333333333333334
12 0.533 0.848 0.05 0.02666666666666667
12 0.635 0.8386666666666667 0.05 0.029333333333333333
12 0.526 0.8306666666666667 0.044 0.018666666666666668
12 0.742 0.856 0.048 0.021333333333333333
12 0.84 0.8573333333333333 0.028 0.018666666666666668
12 0.601 0.908 0.09 0.09333333333333334
