15 0.035 0.2826666666666667 0.034 0.096
16 0.093 0.56 0.138 0.4
17 0.124 0.332 0.244 0.136
1 0.47 0.252 0.12 0.45066666666666666
16 0.823 0.312 0.058 0.18666666666666668
16 0.907 0.404 0.122 0.2693333333333333
1 0.884 0.19866666666666666 0.112 0.27466666666666667
1 0.926 0.2613333333333333 0.148 0.35733333333333334
15 0.481 0.904 0.074 0.192
16 0.923 0.516 0.11 0.19466666666666665
17 0.549 0.7893333333333333 0.902 0.42133333333333334
1 0.266 0.4666666666666667 0.388 0.672
1 0.643 0.42933333333333334 0.31 0.5493333333333333
