12 0.25733333333333336 0.761 0.312 0.158
12 0.332 0.659 0.14666666666666667 0.066
12 0.6 0.63 0.128 0.064
12 0.768 0.624 0.112 0.08
12 0.892 0.597 0.14133333333333334 0.066
12 0.712 0.609 0.10133333333333333 0.054
12 0.6466666666666666 0.608 0.04 0.044
12 0.7546666666666667 0.545 0.042666666666666665 0.018
12 0.38266666666666665 0.584 0.018666666666666668 0.02
12 0.03866666666666667 0.631 0.034666666666666665 0.018
12 0.49333333333333335 0.584 0.037333333333333336 0.012
12 0.5333333333333333 0.565 0.02666666666666667 0.022
12 0.5866666666666667 0.563 0.042666666666666665 0.022
12 0.44666666666666666 0.56 0.034666666666666665 0.02
12 0.31466666666666665 0.576 0.021333333333333333 0.02
12 0.16533333333333333 0.582 0.02666666666666667 0.016
