17 0.497 0.8033033033033034 0.434 0.3933933933933934
16 0.374 0.8768768768768769 0.276 0.24624624624624625
16 0.941 0.8933933933933934 0.118 0.2132132132132132
16 0.914 0.7177177177177178 0.056 0.24024024024024024
15 0.524 0.6036036036036037 0.036 0.1921921921921922
1 0.643 0.37537537537537535 0.398 0.5525525525525525
20 0.523 0.4099099099099099 0.158 0.16516516516516516
1 0.736 0.6906906906906907 0.324 0.6186186186186187
1 0.199 0.5885885885885885 0.294 0.8228228228228228
1 0.36 0.493993993993994 0.188 0.34534534534534533
15 0.468 0.5615615615615616 0.036 0.08408408408408409
16 0.036 0.7357357357357357 0.052 0.3123123123123123
